46 104
0 1 71
1 0 71
2 3 52
3 2 52
4 5 50
5 4 50
6 7 73
7 6 73
8 9 63
9 8 63
10 11 76
11 10 76
10 12 48
12 10 48
13 14 80
14 13 80
13 15 56
15 13 56
16 17 53
17 16 53
18 6 73
6 18 73
18 19 66
19 18 66
18 20 49
20 18 49
21 22 52
22 21 52
21 0 71
0 21 71
23 24 63
24 23 63
1 3 71
3 1 71
17 25 48
25 17 48
26 8 63
8 26 63
26 27 78
27 26 78
28 2 52
2 28 52
28 29 68
29 28 68
3 30 70
30 3 70
3 31 52
31 3 52
32 17 59
17 32 59
10 33 46
33 10 46
25 34 48
34 25 48
35 13 64
13 35 64
7 28 73
28 7 73
9 13 63
13 9 63
5 26 50
26 5 50
36 37 59
37 36 59
38 29 52
29 38 52
39 4 83
4 39 83
24 34 63
34 24 63
34 40 54
40 34 54
34 35 64
35 34 64
29 36 59
36 29 59
41 21 76
21 41 76
12 4 48
4 12 48
37 42 59
42 37 59
43 26 63
26 43 63
30 38 52
38 30 52
30 32 59
32 30 59
31 44 52
44 31 52
37 45 54
45 37 54
37 16 53
16 37 53
44 39 83
39 44 83
44 43 63
43 44 63
44 23 63
23 44 63
22 18 52
18 22 52
11 41 76
41 11 76
